0 0.9840152740478516 0.42858954535590277 0.01337738037109375 0.022668965657552085
0 0.730404281616211 0.13653246561686197 0.012314605712890624 0.02179692586263021
0 0.6659532070159913 0.025300174289279515 0.012502574920654297 0.023078579372829863
0 0.7903301239013671 0.1362900627983941 0.013576126098632813 0.02243194580078125
0 0.4908493995666504 0.021389685736762153 0.012332344055175781 0.021487935384114584
0 0.6058112621307373 0.024713177151150175 0.012120437622070313 0.022664388020833332
0 0.8452651977539063 0.027569707234700522 0.012219619750976563 0.0221604241265191
1 0.08620303869247437 0.2620015462239583 0.05826036930084229 0.02930145263671875
0 0.2914163589477539 0.08731477525499132 0.012734031677246094 0.022457716200086804
0 0.2860603332519531 0.9096812778049045 0.010867166519165038 0.019267442491319446
0 0.5508170604705811 0.13784578111436632 0.013561820983886719 0.023760477701822918
0 0.28762340545654297 0.820224846733941 0.013077831268310547 0.023283216688368056
0 0.8498151779174805 0.1368464575873481 0.0127471923828125 0.022882503933376735
