0 0.08596380471380476 0.26117658062102506 0.05734427609427609 0.02852600074822295
1 0.29192971380471383 0.08815001870557426 0.01420454545454546 0.024784885895997012
1 0.49118792087542096 0.02174523007856341 0.013941498316498269 0.025720164609053495
1 0.6060079966329968 0.02501870557426113 0.013678451178451123 0.024784885895997005
1 0.5510311447811448 0.13748597081930417 0.013678451178451212 0.02525252525252524
1 0.6658512205387206 0.026187803965581742 0.01446759259259256 0.02618780396558174
1 0.7306239652317881 0.13681935246504784 0.01371067880794694 0.0252943340691685
1 0.7899937913907285 0.13750919793966151 0.01345198675496686 0.02483443708609272
1 0.8500103476821191 0.1372792494481236 0.01345198675496686 0.02437454010301692
1 0.8450951986754968 0.025984179543782196 0.013451986754967038 0.02437454010301692
1 0.28788919413919417 0.8207671957671956 0.013736263736263733 0.023911273911273963
1 0.2864583333333333 0.9097985347985347 0.012019230769230792 0.021876271876272016
