1 0.7301446914672851 0.13649012247721354 0.012797927856445313 0.023208787706163195
1 0.4909722328186035 0.021767764621310765 0.012730979919433593 0.02237769232855903
1 0.6658150672912597 0.025128216213650172 0.012974166870117187 0.023305172390407986
1 0.9836036682128906 0.4282269795735677 0.013616943359375 0.025080023871527777
1 0.6058486938476563 0.024904505411783854 0.012612342834472656 0.02392298380533854
1 0.7903181076049804 0.13661621941460503 0.013612079620361327 0.023296610514322916
1 0.8449359893798828 0.027238676283094617 0.012197113037109375 0.022817484537760415
1 0.2914332389831543 0.08792317708333333 0.013536643981933594 0.024761623806423612
0 0.08624489307403564 0.26230655246310763 0.057068157196044925 0.028461795383029512
1 0.5510799407958984 0.13637635972764756 0.013717079162597656 0.02322235107421875
1 0.28621735572814944 0.9090414259168836 0.011512947082519532 0.01920928955078125
1 0.2873591423034668 0.8201181199815538 0.013614368438720704 0.02406887478298611
1 0.8498821258544922 0.13693067762586805 0.013319778442382812 0.023490566677517363
