0 0.08603224754333497 0.2616722106933594 0.057722282409667966 0.02853783501519097
1 0.28644208908081054 0.909126959906684 0.013456058502197266 0.022147962782118055
1 0.29240313914027155 0.08782679738562091 0.01431702488687785 0.025452488687782805
1 0.4908382660167131 0.021239554317548696 0.013274721448467908 0.024760136180748994
1 0.6059583913649025 0.025301764159702828 0.013274721448467997 0.024373259052924794
1 0.5510097493036212 0.1373026926648096 0.013927576601671276 0.024760136180748994
1 0.6655858286908078 0.025688641287527028 0.013709958217270213 0.0251470133085732
1 0.7303272980501393 0.1373026926648096 0.013057103064066844 0.024760136180748994
1 0.7902811629526463 0.1374961312287217 0.013709958217270213 0.02359950479727638
1 0.8499086002785514 0.1373026926648096 0.013274721448467908 0.02398638192510059
1 0.8453386142061282 0.026268956979263337 0.013274721448468085 0.02398638192510059
1 0.28755272239263807 0.8203391274710292 0.012940950920245387 0.023432174505794025
1 0.983722082132565 0.428474223503042 0.014184077809798268 0.026817162984309955
