0 0.7303359985351563 0.13711157904730903 0.012488842010498047 0.022907680935329862
0 0.9836959838867188 0.4286176893446181 0.013451766967773438 0.02461615668402778
0 0.49110965728759765 0.021391593085394966 0.013069725036621094 0.023025343153211805
0 0.6057393550872803 0.02487767537434896 0.012452220916748047 0.023773362901475695
0 0.6658533096313477 0.025123892890082464 0.013031387329101562 0.02346589830186632
0 0.2916233062744141 0.08726030985514323 0.013227081298828125 0.02356533474392361
1 0.08537614345550537 0.2611297183566623 0.056879639625549316 0.027835591634114584
0 0.5510085105895997 0.13719732496473525 0.013457107543945312 0.024114481608072915
0 0.2860412120819092 0.9094432406955295 0.012044334411621093 0.020640055338541668
0 0.8450591087341308 0.027238972981770835 0.012370491027832031 0.02272915310329861
0 0.7902898788452148 0.13682361178927951 0.013477611541748046 0.023097398546006946
0 0.28753607273101806 0.8200247870551215 0.013700342178344727 0.023895263671875
0 0.8502674102783203 0.13715735541449653 0.012852859497070313 0.023399692111545137
