1 0.4909208297729492 0.02197562323676215 0.014624881744384765 0.02699347601996528
1 0.790716552734375 0.13754759894476998 0.013612747192382812 0.023722161187065972
1 0.29160141944885254 0.08822220696343316 0.014069080352783203 0.026009029812282987
1 0.6058345794677734 0.02542605929904514 0.013031005859375 0.02450714111328125
1 0.6659465789794922 0.025361378987630207 0.01380329132080078 0.02523922390407986
1 0.5508792877197266 0.13766763475206162 0.014266777038574218 0.025960879855685765
1 0.7302594661712647 0.1370196024576823 0.013265228271484375 0.023631540934244792
1 0.9838611602783203 0.4291741265190972 0.014312553405761718 0.024501546223958334
0 0.08619512915611267 0.2622479756673177 0.056164324283599854 0.028740437825520833
1 0.2876191377639771 0.8193194919162327 0.013928556442260742 0.025894334581163195
1 0.8445480346679688 0.025156741672092014 0.013643264770507812 0.025991143120659723
1 0.2862542629241943 0.9096987406412761 0.012505245208740235 0.02149590386284722
1 0.8499410629272461 0.1375451405843099 0.014136123657226562 0.025177510579427083
