1 0.7298774242401123 0.13695475260416667 0.012741374969482421 0.0235107421875
1 0.6104201793670654 0.1373443603515625 0.014325141906738281 0.024956258138020833
1 0.983615493774414 0.42866923014322916 0.01405181884765625 0.025913831922743054
1 0.6658820152282715 0.024706013997395835 0.012888145446777344 0.0233489990234375
1 0.6057300567626953 0.025368160671657987 0.013624191284179688 0.024834187825520833
1 0.7902475833892822 0.13625547620985243 0.013963699340820312 0.023960706922743054
1 0.8449771881103516 0.025764973958333333 0.012877655029296876 0.024038865831163193
1 0.29150502681732177 0.08769213358561198 0.013192176818847656 0.022370656331380207
1 0.4909356117248535 0.021673075358072915 0.01330413818359375 0.023835076226128474
1 0.4910240173339844 0.13745604621039498 0.013677978515625 0.024891408284505208
1 0.8499675750732422 0.13653827243381075 0.014301109313964843 0.02463743421766493
1 0.28779425621032717 0.8206611633300781 0.013075160980224609 0.02250518798828125
