0 0.7301338195800782 0.13659023708767362 0.013120079040527343 0.024014790852864582
0 0.6657503128051758 0.02521235148111979 0.013448715209960938 0.023932139078776043
0 0.49100565910339355 0.020968797471788196 0.013753128051757813 0.025007459852430556
0 0.9837855339050293 0.4276759677463108 0.014078903198242187 0.024870808919270834
0 0.6055548667907715 0.025232781304253472 0.013211441040039063 0.02439507378472222
0 0.2914832592010498 0.0882309807671441 0.014279842376708984 0.02598758273654514
0 0.7903264045715332 0.13756705390082466 0.013537216186523437 0.02274017333984375
1 0.08558677434921265 0.26172129313151044 0.05841364860534668 0.029234992133246526
0 0.8452343940734863 0.026883824666341146 0.013443374633789062 0.024081675211588542
0 0.5510663986206055 0.13775575425889758 0.013838386535644532 0.025327385796440973
0 0.2860848426818848 0.9093404134114583 0.01364278793334961 0.02279595269097222
0 0.8496894836425781 0.1369827694363064 0.013836669921875 0.02349480523003472
0 0.2874667406082153 0.819838629828559 0.013443660736083985 0.02366706000434028
