0 0.7302407264709473 0.1371713426378038 0.012832260131835938 0.0234344482421875
0 0.9836826324462891 0.4285463121202257 0.01355133056640625 0.024904039171006944
0 0.49104866981506345 0.02161042955186632 0.013329124450683594 0.023715718587239584
0 0.6658671379089356 0.025209214952256944 0.01361236572265625 0.024723307291666666
0 0.6056739807128906 0.025403722127278646 0.0130706787109375 0.024162462022569445
0 0.29163906574249265 0.08733965555826823 0.013188982009887695 0.02426333957248264
0 0.8448965072631835 0.027085494995117188 0.012010955810546875 0.02237769232855903
0 0.5510939598083496 0.13744998508029513 0.013964366912841798 0.025345272488064237
0 0.7902209281921386 0.136810302734375 0.01370697021484375 0.02369808620876736
1 0.08546488285064698 0.26168607076009115 0.056114816665649415 0.028045569525824654
0 0.8496630668640137 0.1368381076388889 0.013475799560546875 0.023142835828993055
0 0.2873413562774658 0.8199734157986112 0.013191890716552735 0.0234832763671875
0 0.28627088069915774 0.9091490003797743 0.01112070083618164 0.01919826931423611
0 0.7571475028991699 0.7152857462565104 0.007942771911621094 0.013752068413628473
