0 0.08619797229766846 0.26162791781955297 0.05610203742980957 0.029034254286024304
1 0.2877488613128662 0.8203168233235677 0.014273548126220703 0.02638888888888889
1 0.7903132438659668 0.13790673149956598 0.014067935943603515 0.025169711642795137
1 0.7302517890930176 0.13673366970486112 0.013059425354003906 0.02453121609157986
1 0.2921875 0.0875 0.0140625 0.02592592592592592
1 0.55078125 0.13726851851851854 0.0140625 0.024537037037037045
1 0.28647132169576056 0.9109171515655307 0.011494700748129683 0.020088667220836794
1 0.984015804597701 0.42816091954022983 0.013290229885057592 0.02490421455938695
1 0.8451867816091954 0.026819923371647503 0.01293103448275872 0.023627075351213278
1 0.8498563218390803 0.13697318007662834 0.01293103448275854 0.022988505747126433
1 0.6656788793103448 0.025223499361430392 0.013469827586206939 0.023627075351213278
1 0.6057830459770115 0.025063856960408682 0.012571839080459756 0.023307790549169857
1 0.49110991379310337 0.02139208173690932 0.012751436781609194 0.023627075351213278
