0 0.730352783203125 0.1369349161783854 0.012534141540527344 0.02286648220486111
0 0.4910406589508057 0.021287451850043403 0.012936973571777343 0.022248162163628474
0 0.9837791442871093 0.4284745110405816 0.013954734802246094 0.025133429633246527
0 0.6658444881439209 0.02516445583767361 0.012989997863769531 0.023411220974392362
0 0.6056591510772705 0.025222015380859376 0.012526321411132812 0.02347632514105903
1 0.08548699617385865 0.2616957770453559 0.057942891120910646 0.02855623033311632
0 0.2914686679840088 0.08759502834743924 0.013185834884643555 0.02422705756293403
0 0.8450368881225586 0.027123726738823784 0.012462997436523437 0.022797648111979166
0 0.7902852058410644 0.13685099283854166 0.013481807708740235 0.023132832845052083
0 0.286088228225708 0.9091261121961806 0.011061429977416992 0.019337293836805554
0 0.5506336212158203 0.13718664381239148 0.013324737548828125 0.024704488118489583
0 0.2875061511993408 0.8200670030381945 0.013469266891479491 0.023387315538194446
0 0.8502534866333008 0.13705054389105903 0.012940216064453124 0.02336239284939236
