0 0.6106051445007324 0.13636704283917325 0.013164710998535157 0.022522041573172617
0 0.9836593511450381 0.4275339270568278 0.014312977099236512 0.027035623409669224
0 0.6063036736641221 0.024915182357930447 0.013418416030534352 0.02332485156912638
0 0.6663815021514893 0.023215908474392363 0.012517356872558593 0.025474209255642363
0 0.49175219535827636 0.022522947523328993 0.012633800506591797 0.02444271511501736
0 0.2879213483146067 0.8210830212234707 0.01316713483146068 0.022627965043695516
0 0.2920145515267176 0.08826335877862594 0.013418416030534352 0.024915182357930447
0 0.49150166984732824 0.13676844783715011 0.013418416030534352 0.024385072094995762
0 0.8499224713740459 0.13676844783715011 0.012822041984732736 0.022264631043256995
0 0.8457478530534353 0.025710347752332482 0.014014790076335793 0.02597540288379983
0 0.7899868797709924 0.13623833757421544 0.013418416030534352 0.02332485156912638
0 0.7302003816793893 0.13729855810008482 0.01431297709923669 0.024385072094995762
