1 0.4909482002258301 0.021501329210069444 0.014151763916015626 0.02513826158311632
1 0.6058108329772949 0.025159200032552082 0.013174819946289062 0.024846394856770832
1 0.2914912223815918 0.08789867824978298 0.013536453247070312 0.02430996365017361
1 0.8448822021484375 0.02689548068576389 0.012443351745605468 0.023465813530815973
1 0.9838111877441407 0.42814517550998266 0.013712692260742187 0.024254014756944445
1 0.6656896591186523 0.025158267550998262 0.013104057312011719 0.023250325520833334
1 0.730190658569336 0.1372937520345052 0.012967872619628906 0.02349361843532986
0 0.08537071347236633 0.26169603135850694 0.05783611536026001 0.028516642252604165
1 0.5510391235351563 0.13749805026584203 0.013735389709472657 0.024670071072048612
1 0.7903563499450683 0.1365717993842231 0.013468170166015625 0.02268710666232639
1 0.2860701084136963 0.9091510348849826 0.011264419555664063 0.019995286729600693
1 0.28749163150787355 0.8196538289388021 0.013718223571777344 0.024742296006944445
1 0.8497329711914062 0.13604910108778212 0.013399505615234375 0.023014577229817708
