0 0.0860558712121212 0.2619949494949495 0.05800189393939392 0.029040404040404037
1 0.28776041666666663 0.820496632996633 0.01444128787878789 0.025673400673400692
1 0.2864583333333333 0.9101430976430975 0.013257575757575779 0.02398989898989896
1 0.292023689516129 0.08809363799283151 0.01323084677419355 0.025201612903225812
1 0.4914314516129032 0.02172939068100356 0.013860887096774199 0.026881720430107524
1 0.6059412802419355 0.025649641577060903 0.012915826612903202 0.0246415770609319
1 0.5511277721774194 0.13709677419354835 0.014805947580645107 0.02576164874551971
1 0.6656376008064516 0.025649641577060903 0.013860887096774199 0.0246415770609319
1 0.730374243951613 0.13709677419354835 0.014175907258064502 0.02576164874551971
1 0.7902280745967742 0.13765681003584226 0.014805947580645195 0.026881720430107534
1 0.8503969254032258 0.13793682795698922 0.014805947580645195 0.022961469534050177
1 0.845514112903226 0.02648969534050177 0.013860887096774199 0.024081541218637995
1 0.9839654737903226 0.42859543010752676 0.014805947580645195 0.0263216845878136
