0 0.9839540481567383 0.42864769829644095 0.013827133178710937 0.024507310655381944
0 0.6657578945159912 0.024882083468967014 0.012352848052978515 0.022355228000217015
0 0.7903058528900146 0.1365324232313368 0.013277721405029298 0.02289852566189236
0 0.6062366008758545 0.025063663058810765 0.012569332122802734 0.023129102918836804
0 0.5512192726135254 0.1368551466200087 0.013207530975341797 0.02378726535373264
0 0.7303607940673829 0.136760499742296 0.012406730651855468 0.022118123372395833
0 0.8452226638793945 0.027308527628580728 0.012588119506835938 0.02304780748155382
0 0.4908970832824707 0.02140973409016927 0.0126800537109375 0.021561940511067707
0 0.29145910739898684 0.08719249301486545 0.012739610671997071 0.023390367296006943
1 0.08631726503372192 0.2619643741183811 0.058547163009643556 0.028644307454427084
0 0.28588290214538575 0.9095971001519098 0.01161661148071289 0.020604451497395832
0 0.2876290321350098 0.8204271104600694 0.013111209869384766 0.022687784830729165
0 0.8499315261840821 0.1368621826171875 0.013111114501953125 0.024022674560546874
