0 0.9839589118957519 0.42836761474609375 0.013634681701660156 0.024290974934895834
0 0.7302251815795898 0.13631778293185765 0.012271595001220704 0.021954854329427082
0 0.7906275749206543 0.1364010281032986 0.012987136840820312 0.022429063585069443
0 0.6059765815734863 0.024881829155815972 0.012490177154541015 0.023394605848524305
1 0.08620580434799194 0.26262889438205295 0.05808179378509522 0.02878841824001736
0 0.6659721374511719 0.02526668972439236 0.012459564208984374 0.02294277615017361
0 0.2915778160095215 0.08739293416341146 0.012864351272583008 0.023173862033420138
0 0.4911037921905518 0.021901957194010415 0.012036895751953125 0.02152947319878472
0 0.8452057838439941 0.027487267388237847 0.011896324157714844 0.021537441677517363
0 0.5511844635009766 0.13612764146592882 0.013406467437744141 0.02284613715277778
0 0.2873955726623535 0.8200686136881511 0.013007736206054688 0.023642645941840276
0 0.28617382049560547 0.9097523159450955 0.010650920867919921 0.01810065375434028
0 0.8498880386352539 0.13706927829318577 0.012693023681640625 0.023556179470486112
