0 0.9841588973999024 0.427966054280599 0.014023208618164062 0.024781290690104166
0 0.7300796508789062 0.13638971116807724 0.012813472747802734 0.022418975830078125
0 0.6660091400146484 0.024818505181206596 0.012840843200683594 0.023199632432725693
0 0.5512509822845459 0.13688540988498263 0.013919258117675781 0.02478095160590278
0 0.8451368331909179 0.026565975613064237 0.012731170654296875 0.02270626491970486
0 0.29159438610076904 0.08684285481770833 0.014104795455932618 0.02528873019748264
0 0.605928611755371 0.02473203870985243 0.013206291198730468 0.02399936252170139
0 0.7904608726501465 0.1373369852701823 0.013219356536865234 0.02226376003689236
0 0.4909491539001465 0.021122911241319445 0.013317298889160157 0.022394476996527777
1 0.08609774708747864 0.2619267781575521 0.05865679979324341 0.02733493381076389
0 0.2861276149749756 0.9097912258572048 0.010761690139770509 0.018595377604166668
0 0.28758509159088136 0.8199491712782118 0.013299703598022461 0.023642137315538193
0 0.8497447967529297 0.13636800977918836 0.01268768310546875 0.02247348361545139
