0 0.0863020658493042 0.2619372897677951 0.05821008682250976 0.029271697998046874
1 0.2860571384429932 0.9091854519314236 0.011745405197143555 0.020616997612847222
1 0.28777027130126953 0.8201070149739583 0.014213275909423829 0.026113382975260415
1 0.7899955749511719 0.1372719234890408 0.014451408386230468 0.02521209716796875
1 0.983984375 0.42870370370370375 0.013802083333333215 0.025
1 0.2915364583333333 0.08796296296296295 0.013802083333333348 0.02499999999999999
1 0.4911458333333334 0.021296296296296296 0.013541666666666697 0.024074074074074074
1 0.5505208333333333 0.13819444444444445 0.0140625 0.025462962962962975
1 0.6059895833333333 0.02546296296296296 0.0140625 0.024074074074074078
1 0.6657552083333333 0.025694444444444443 0.013802083333333303 0.024537037037037034
1 0.7303385416666667 0.13819444444444445 0.01328125 0.025462962962962975
1 0.8498697916666667 0.13726851851851854 0.01328125 0.02268518518518518
1 0.8451822916666666 0.02638888888888889 0.01328125 0.02592592592592592
