1 0.7303272724151612 0.13696534898546006 0.012469482421875 0.023370530870225694
1 0.49098844528198243 0.02101194593641493 0.01312847137451172 0.02339443630642361
0 0.08576426506042481 0.2629206339518229 0.055443835258483884 0.027427503797743055
1 0.6658352851867676 0.025034077962239585 0.012936973571777343 0.023367479112413193
1 0.9836581230163575 0.42848798963758683 0.013391876220703125 0.024445597330729166
1 0.605691385269165 0.025232950846354168 0.012463665008544922 0.023419698079427082
1 0.8451794624328614 0.02720044453938802 0.01239471435546875 0.022690582275390624
1 0.29179840087890624 0.0881864759657118 0.013079166412353516 0.02292819552951389
1 0.7903761863708496 0.13666229248046874 0.013257122039794922 0.02300533718532986
1 0.5511855125427246 0.13721805148654515 0.013127994537353516 0.023959859212239584
1 0.2877985715866089 0.8204627143012153 0.013119316101074219 0.023182508680555554
1 0.28630805015563965 0.9091991848415799 0.010915994644165039 0.019075520833333335
1 0.8498811721801758 0.13688324822319878 0.013054656982421874 0.02292514377170139
