0 0.08568912744522095 0.2617325676812066 0.05685446262359619 0.02819942898220486
1 0.29201424537987675 0.08826716860597764 0.013635780287474341 0.023671001597079615
1 0.2879235112936345 0.8204996577686516 0.013475359342915817 0.023956194387405896
1 0.28639951232032856 0.9103353867214237 0.011710728952772077 0.020533880903490676
1 0.983655427631579 0.4281798245614035 0.014185855263157876 0.025950292397660807
1 0.8454975328947366 0.02631578947368421 0.01336348684210531 0.023391812865497078
1 0.8500205592105262 0.13742690058479531 0.014185855263157876 0.02485380116959064
1 0.7895764802631579 0.137609649122807 0.015008223684210531 0.025219298245614023
1 0.7303659539473684 0.137609649122807 0.013774671052631592 0.025219298245614023
1 0.5508840460526315 0.1370614035087719 0.013774671052631592 0.02485380116959064
1 0.6657072368421052 0.025584795321637425 0.014391447368421063 0.025584795321637425
1 0.6057771381578947 0.025402046783625728 0.013774671052631504 0.0266812865497076
1 0.4909539473684211 0.021564327485380116 0.013569078947368408 0.02558479532163743
